65322351
65343090
1712572380
65296069
65307200
65307202
65307205
1720301795
65315071
65307208
65325395
1677788926
65315076
65311003
65290896
65291484
65353303
65343414
65308593
65328565
330657227
330657229
65330462
65290305
65330467
65364763
65340921
5439722148
65298164
65297309
65314792
258755839
65323625
601237084
65298898
65306245
65306242
65291433
65303106
258967501
65356398
65318518
5440592794
65292495
65324626
65285109
65303109
65316342
65314676
65314671
65314673
65347585
65336650
65343526
65339173
65329924
65317344
65317431
65287857
65303692
65323719
65302184
65297014
271820604
65302180
65323711
65323713
65323715
65364427
65348757
65315444
65315779
5442633936
65315445
65340136
4089793016
4011962212
65303741
4011962210
65303743
65336904
65303589
65324534
318255177
65303583
2071244895
5102833143
5102833142
65293797
65314855
65303962
65297271
65303968
65333594
65297275
65293153
65293150
65317723
65293159
65359818
581251826
4681210250
65287987
1707842763
65357578
1606434340
65333916
65324755
1735954082
65324750
65324753
65303362
65333918
65333714
65322372
65292171
65292176
65296329
65319565
65333715
65293480
65293482
65290909
65293484
65293486
65292772
2642129706
65311772
65370640
65352661
65290933
65346426
65326706
65326700
65326703
4152343401
65345319
65345318
65326879
1202331982
65313559
65302763
65287678
65305696
65305342
65305691
65312142
65305693
65302160
65312148
65302166
65302164
65319707
65318381
65318384
65289280
65317176
65322284
65322285
65287510
65319493
65322282
65318149
65313437
65279852
65318144
65313433
65293573
65318141
65290912
313266832
65336528
65336526
65295466
65293777
65325099
65357028
65322573
65292992
65318549
65292996
65323881
258910908
65318546
65318544
65357755
65322029
65293212
65322752
65312858
65349679
65322598
65308586
65283514
4022970356
65309058
65298517
65292350
65295436
65292425
3522821913
65287466
65334906
65334900
65345146
65334903
65311556
65306087
65287468
65332176
318300005
65304340
65321715
65292759
65321713
65336858
65328989
65307698
65307699
65308639
65301534
65301536
65308635
65336851
2287779381
65347174
65348303
65328633
65328637
65356408
65328635
65319039
65328639
65303228
65375770
65296202
65351753
65307165
4104677529
5353921548
65336987
65340263
65340260
65321828
65304127
65320531
65291558
65320195
65304150
65320193
65320191
5283668871
65307477
65307474
65291439
65291555
65280850
65307471
764844611
65280073
4038238631
65289361
65280076
65312632
65348278
65312631
65321227
4038238638
65312634
65306875
4036026400
65350725
2450003537
65306872
65314286
65301273
65337071
65337073
4062847040
1501430148
65290207
65320069
65291335
65362171
65320066
65362175
65329159
65329866
65305099
4294001772
65362775
65312043
65311010
65330294
65325125
65325654
65312709
65330298
65294017
65311019
65312705
65312700
65344366
65343404
65344363
65296421
65361978
65330456
65330454
65330452
65303535
65330451
2399950818
2399950819
65290112
65290115
2317760692
65294358
65280452
65295477
65324623
65280326
65307307
173176453
65342682
65364781
65356368
65280694
65324632
65364788
65309997
65314666
65325723
65316359
65281582
65296736
65329937
65370252
65329934
65293016
65297003
65297004
65340862
65317409
293757276
4044866184
65320798
65328047
315420239
258972870
65302372
65344130
65303205
65335530
65346043
4018962479
65302379
65297486
65329805
65314712
4184411345
65295359
65332985
65335244
65351083
65293902
65329926
65333583
65298201
4062468479
65296996
3117933952
554160781
65293163
65293161
65285341
65317028
65296998
4062468477
65313092
65302577
65324747
3985226613
65296846
65356180
65298333
65332307
65298844
65356185
65290918
65324748
65337506
4910203324
65322364
65303234
65292169
65295471
65311766
65332168
65301575
65292766
4047651036
65292764
65332161
65290925
65290923
1735954074
65290920
65289275
258911651
258911653
258911654
258911655
65297017
65366843
4045528488
65366846
65287885
65305356
65328997
65356982
65328992
65328991
65294002
65327086
65294004
65322185
65302150
360423918
65310655
65329558
258777639
65293580
65322294
258970632
65293588
65322299
65322298
258970630
65292692
65310703
65291765
65293743
65293741
65322565
65358921
65353027
65292987
65358925
65292985
65358927
65327268
65292989
258970634
65322568
65361061
65321034
65322745
65322747
65328739
65322741
65312848
65315824
65319601
65319541
65292349
65292348
65309047
65298398
65292346
65292341
65287477
65295422
65334913
65292183
65292181
65310014
764842850
4761684642
65305220
65305224
65354451
65354455
65304333
65357968
65301542
65304068
65308330
65305829
65322632
65319041
65319043
65308339
65308485
1677788990
65305824
65336999
65279965
65292235
65292237
65279961
65336993
65325288
4199996085
65321850
65295449
65304484
65336440
65361633
65307461
65337480
65291525
65337484
1511342574
65337486
65313184
65343196
4069109496
2479331520
277334103
2323785097
5352317652
65280069
65321212
65363163
65312622
65303586
65339690
65345571
2624373702
65320295
65287254
1735964741
65307040
65293878
65292704
65303966
65346430
65307266
65288943
65329129
65356870
65329127
65315011
65348517
65295740
65344358
65342431
4062452044
65325134
65312718
258912679
65320188
65290327
330657202
65314382
65330449
828487988
65320184
65297818
65299417
65290105
65297276
65330024
65290102
65306224
65342698
65306226
65306220
65341656
65307313
65312436
65298234
65306228
65294342
65307315
65317727
65314658
65336407
5311521867
173176449
258912676
65325227
265666764
65325222
5437877195
65299305
65287875
65287871
65342106
65326536
65316537
65287879
65287878
65340870
65306138
65330935
65316388
65306130
65352679
65308925
65306136
65327593
65346059
65288712
65346053
65366479
65346050
258972868
258972869
65295168
65324517
65295190
65329835
65298923
65305512
65298921
65295160
2220968866
65295162
65317481
65295164
65342744
4265248923
65314870
65288884
65349256
258972881
258972886
5435466344
258972885
3117933965
3117933967
65297108
3117933968
65339521
65324778
65339524
65320139
65324772
65324773
65302565
65324777
65324774
65324775
65328181
65333857
65335413
65357352
65296850
65329903
65329901
65332198
65309752
65344990
65322357
1211594149
65323562
733676074
65327183
65296183
65369671
65292756
65328591
65346449
65292750
65290915
65332172
65349674
65313328
65349672
1683001129
4035920539
4047651028
65322820
65302782
258911627
65345374
65366859
65345370
65322828
65328983
65332289
65312369
5020557546
65352690
65327079
65352692
65303941
65332285
65312365
65323519
65294014
65302722
2624399002
65289916
65333152
1378125429
65292537
65333155
65293597
65375586
65333395
65295984
65333397
65293751
3853882368
65293755
65293754
2642129711
65296348
65288939
65325765
65305030
65309892
65305032
65284828
65305034
65305036
65305786
65305783
65354201
65310657
65319118
65322006
65309896
65327522
65371260
65289825
65294225
65308498
65371266
4062847207
65296774
65308328
65292174
764842848
65325562
65322726
65321734
65363226
1735964588
65344973
65353322
65304325
65353320
65285464
65297007
65307671
65304075
325879262
65304073
65304071
65357914
65321114
65357916
65321110
65357912
65304078
65344165
65296223
65296220
65322647
1677788988
65319050
1677788984
65357597
65351774
65360594
65337476
65337471
65337470
65329589
65329585
65292248
65329583
65351176
65329581
4021550370
4021550377
65295442
65296319
2463394104
258928663
258912655
258912657
65337498
65315442
65307412
258912652
5283668859
65337496
65337478
65357822
65311977
65350749
65325035
65321208
4008987886
65325039
65291599
65350743
65318438
65307897
258885510
65338735
65297324
65301709
65307077
1735964759
65307075
65337875
65317782
65327989
65288928
65307974
65299698
65295192
65309840
65320244
65307093
2304626336
2304626334
65328470
65328472
4023019342
65328474
65328478
4034101610
65330436
65314390
65316532
65362687
65362683
65289269
65299406
65343351
1229920640
65299409
65306106
65302760
65291942
65291441
65303178
1211585290
65303174
65307322
65303171
65324615
65327153
65324341
65325748
65288811
65324619
65293564
65325742
65344233
65325589
65334606
65303198
65334608
65299313
4014319890
65290263
65340843
65336607
65340847
65360912
65298049
65340848
1707875337
65303650
65311858
65330946
65299533
4012037655
65330942
65330943
330660333
65330948
276805752
65298919
65285060
65288273
65288271
65308508
65298911
65346062
764888688
65295218
65295179
65332964
559544894
65303574
65295172
65303578
65295177
65325037
65288870
65338809
65288872
65293108
65288875
65288878
65293105
65284433
65342004
65312089
65299628
65288184
65290711
65297118
65349481
65345909
4548596610
65290717
65324769
65342715
4038158096
65324764
65324767
65357344
65324762
65323695
65323344
65303314
65329919
65323691
346527550
65297598
65297595
65329911
4035851800
65344980
65318005
65327190
65292451
65292743
65325303
65292745
65288182
65292747
65349661
65333496
65349662
65288983
65349668
65295480
65298664
65290095
65296881
65360260
65360261
65309772
65313363
65289050
65313365
65353139
1714229522
4008988385
65327064
65303955
65312372
65336170
65297600
65314864
1126947954
65333148
65333144
65333147
65289908
65296086
65345007
259454700
65351347
65336280
65318131
258755556
65333382
65310720
65288819
65345009
65301296
65333385
65318138
65361437
65336047
65319849
65319846
65317286
65302048
65305022
65305793
65305027
65305025
65299763
4008988328
65302044
65323233
65310678
65308552
65329945
65308554
4008988501
65321690
65316854
65329943
65292412
65329940
65292416
65292419
65297136
65355430
65340832
4021327380
65310037
4021327386
65293437
1501320631
612765105
65353316
65353313
65305249
65353311
65336863
5716604709
65336865
65297206
65301760
65319063
65301762
65307668
4294143176
258958636
65322653
65340189
295083423
65322658
65329591
2768893484
65320876
65329595
65329597
65313608
65351167
2445177280
65301492
65324899
258973948
65348048
703454968
65296083
65321052
65337649
258912646
65323733
65307404
65291055
5723176758
65291059
65280044
258912648
258912649
65307796
65357831
65323730
65342639
65317371
65315878
65323735
65314250
65329040
65337022
65343985
65367585
65357754
65313913
461328643
4047651410
4047651411
65307069
65352990
65327998
65327996
65327994
65300217
65327992
65307534
65308351
65329106
65362744
65325111
1735998417
65362219
4038238660
65325418
65328407
65328400
2630856793
65294621
65294623
65296411
65347183
65294626
65330427
65297946
65306421
65330423
65330421
65362698
1677788952
65312068
65320241
65322750
65330429
65311878
65316702
65299435
65316706
65316704
65299431
65306203
65316708
65306201
65299643
65307334
65307337
65341671
65307339
4547291308
65356357
4008988553
65316014
65351403
65325208
65347452
65336892
65335722
65298742
65343297
65306684
65343295
65306682
65288289
65306680
5487354233
65330552
65325591
65299058
65297053
4022947857
65297051
65340851
65308581
65297727
65297729
65297058
65330956
371238053
65302309
65324087
65324083
65318995
4044911404
65324578
65324579
65298907
65298900
65298903
65342763
65342765
65292354
65342767
65295147
65341351
65288860
65288867
65288866
65288864
65293117
65293116
65288869
65293114
65316676
65316674
65297126
65297123
65299618
65290703
65288193
65295536
65311015
65347627
65305689
65287687
65303894
65323354
65323687
65326455
65311869
65317478
65332770
65332774
65294385
65311865
1496341778
65288996
258911608
65300999
65364218
65317618
65346912
258967899
65305301
65288686
65305304
65313359
65323535
258967892
258967891
258967890
258967896
65313350
65305318
65294031
65357241
4177086676
65294035
65312348
65294038
65293936
65293930
65312340
65289934
65323543
65289930
65296091
65322249
65318100
65332046
65333602
65296094
65361429
65305316
65351372
65351370
65310737
65312196
65293731
65354048
65319853
65317294
65289331
4044911192
65289335
65313348
65349383
612031523
65305019
65327545
65308541
65327547
65294374
65308549
4008988510
65309788
65329454
65292461
65336385
65323826
65292398
65336383
764842866
65300080
65336679
65336675
65349124
65347178
65336672
65336673
65322482
65301539
65289156
65353309
65302527
65289158
65296356
65307654
65322669
65333424
65307650
4184414770
65322660
65322774
65322468
65310124
65279916
65288350
65279914
65279912
65310122
65292265
65287336
65313612
65313610
65336494
65313616
65313614
4021550356
65301487
65312295
258912703
258912700
65321048
65321047
65317690
65321042
65291043
65291040
65319467
65336921
65336924
65296328
65350762
65350760
65359312
65342995
65314241
65329071
4022941206
65314247
65340082
65337038
65350566
65356844
65325588
65304059
260109223
4954732242
65362515
65301577
65312130
65360643
65301572
65354535
65291602
65291604
65348521
65318981
4009044907
65309825
65352231
65332331
258972759
65332239
65325586
65296364
65299844
65330417
65330415
65297956
65307438
258912678
258912673
258912671
4731768425
258912675
65311755
351016065
65316711
65306218
65303154
65320130
4904616766
65320132
65320134
65362645
65320136
65297384
65335862
65342804
65342807
65359424
65326358
65359421
65299335
5440881134
65296771
65360913
65310902
65302248
1378125519
65317548
65310253
65325784
65325786
65306103
65302336
65310690
65324098
65288215
65324094
65328240
65311980
65299193
65290951
65337504
1712504984
65299429
65295150
65295153
65325301
65295156
65295158
65365448
65299424
65299426
65297138
65288852
65280635
65297130
65316666
65297134
65316662
65297427
65369293
65287932
65297424
65287934
1607089611
65317048
4731768469
65324782
65335448
65324780
65288324
65357329
65303886
65335441
65335446
65335444
65317442
4021588105
65317447
65317444
65324419
65366760
65311872
65289350
65292899
1211594179
65327918
1614214605
4225410426
65300991
65300993
65300996
258911615
258912630
65298642
65287689
65346904
65357496
65313345
258967889
65365195
258967885
4045528604
65340883
258967882
65327046
65323030
65312350
65294046
65357250
65357255
65312356
65312359
4015833305
65294048
65315406
65351368
275513443
65318115
65307726
65318440
65351364
5419596579
65336069
4015833309
65280002
65317138
65321222
65339704
65332236
65332237
65319864
65316839
5435466133
65289320
65321225
65289324
65303577
65318023
65289328
65322322
65321670
65319889
65321673
65321675
65321679
65351094
65289811
65351091
65354097
65319886
65336397
2399950856
65336394
725284295
65309790
4021327362
4021327363
65295170
65305269
65336669
4021327365
65326154
4021327368
3701168230
65355413
65305263
65322495
65304991
65322499
65304999
65329602
65319080
65287621
65328646
65328644
65322675
1735998435
65287329
65322478
65292278
65297287
65359169
65299288
65310132
65313625
65297376
65313621
4044866142
65336713
65321070
65321076
258912711
65288879
65353200
65336248
65354522
65316976
65321259
65308198
5283675533
65321257
5283675534
65321255
4022941228
4021327361
65344086
4022941220
65307729
4022941226
65305916
65330717
4022941225
65355419
4019009276
65320787
65310228
65287213
65358541
65355417
65297442
65301584
65301587
65340703
65336664
65306591
4011962211
65306594
65348554
65328428
65320234
2609017309
65351554
65309815
65306711
65330409
65294602
65344399
65355555
258912668
258912669
65314572
258912664
258912666
65299624
258912661
65306918
65291490
65299292
65306774
65353971
65341610
325147806
65338394
65364774
65320121
1196851008
65320127
65320125
65352311
65335871
65343549
65293999
65373233
4184143093
65325573
65296337
1580517057
65291384
65357343
65296769
65291383
1735998439
65299078
65332861
65320106
65302325
65281511
65306173
65357346
2568380114
258922152
65327958
65329876
65325131
65327955
65295126
65303703
65295120
4035862307
65342701
65296613
346527552
65295128
65293135
65316691
65320535
65293131
65316695
65316696
65345288
65316698
65345286
65297147
65331024
65293138
65297142
65345280
65349456
65287922
65297388
65299677
65299671
65342074
65302211
65297381
65302215
65302214
65360819
1607089606
65312210
65288332
318299382
65288336
65312216
65288334
65335454
65288338
65335451
4035920618
4035920619
65311880
65295239
65303632
65324422
65303635
65303637
65325401
65332714
65325407
65327381
65315569
65325404
65287699
65292717
65302855
65287691
65293623
65375012
65300983
65300986
65310136
65329612
65300988
65341548
65313335
65313337
65302109
258967874
258967877
65289005
65365168
65297097
65297095
65297093
5343465961
65357266
65294056
65315418
65292758
65290336
1196702052
5035895979
65302921
65303989
65333194
300752568
65351073
65334898
65317120
65337517
65328969
65317128
65293710
65332225
65288984
4023087072
65313240
65305076
65305070
65287746
65289317
65289314
65319506
65289312
65327146
65327147
65312030
65318056
65369260
65292449
65295499
4022970336
65319892
65295496
65290902
65292447
65319895
65295493
65309762
65318277
65309765
65309767
4014319583
4021327371
65316984
65355420
65355421
4021327375
4021327374
65326148
65305298
4021327378
65355429
65336711
65349484
65327365
65315986
65305105
65333157
258973955
65326364
65322684
65326362
65322686
65326360
65301758
65308364
65293195
65305854
65292979
65336249
65322448
65292288
65305702
65287356
263133817
65322441
65334878
65314160
65365236
65317212
65343810
65313203
65334874
65314169
65304180
65293038
65316993
65326564
65326567
65339095
65353210
581251865
939901807
65361668
65308573
65321249
65307745
65364837
5283675521
65321244
65280018
5283675522
3978797423
65312053
65321083
65297880
65297883
65305922
65309615
65321085
65372152
65309588
65350547
65296372
65280323
65296374
65329656
65309581
65309583
65309586
65313922
65321252
65307988
65301590
65336833
65336831
65336344
65289364
65342686
65320208
65306589
65361540
65306585
65306587
65306580
65306583
65309807
65328438
65301556
1614214671
65328436
65328433
65295079
65294611
65294613
65356846
65294615
761804202
65294616
65343772
65363511
65352686
258912691
4009043777
65307186
1677788966
65307184
65307188
65345411
258967694
65341608
65341605
65341603
65326726
65299283
65299282
65315772
65307169
65356300
65332164
65315777
65320118
65315775
65351431
65341343
65324304
65362663
65352367
1712572413
65343554
5442256687
258910906
65291398
65292527
65309992
65334467
612767658
65313107
4062434370
65340480
65309721
65306165
65346029
65306163
65333187
65312517
65288238
65342739
302912579
65329863
65332924
65342733
65327964
65309715
65327963
65303531
65342735
65295135
65314578
65295132
65299449
65295130
65299446
65314570
65295139
65299440
65349449
65334519
65316687
258755557
65316685
65335023
65331033
65316689
65342049
2286930480
65302650
65340952
65293011
65299663
65340956
258755558
258970633
65340959
258970631
65297899
65297391
65317112
65297393
65299668
65288306
65288304
65288302
65346738
65346739
65323658
65293898
65293899
65340242
65288308
65346731
65311892
65332720
65324124
65311897
65296088
65311894
65295223
65324940
65315792
65317117
65315794
65297717
65332458
1119685716
65333983
65292706
65293658
65292875
65356873
65332103
65293657
65293652
1735964627
65317334
65329939
4087523999
65317337
65299713
65317339
65317485
65354059
1607089623
65305324
65290746
65341553
65294063
65303993
65294061
65374496
65294067
65288014
65294065
65299552
65332853
65312274
65290743
65332858
65294265
65315420
65312338
65334887
65318464
65306452
65318084
65307513
65339607
65342081
65336008
300752772
65332213
4008988320
1607089628
65305069
65345250
65345251
65323277
65342101
65369700
65302006
2286930469
65288317
65302002
65332776
65312022
65318043
65314914
65365950
258912612
65292459
65358309
65295489
65295487
65325128
65292901
2317662715
65295482
65358302
259844134
65319534
65351231
65309770
65309776
65309774
65341144
65303209
65351239
65309778
1501320639
65355434
65293476
65316855
65296110
65316853
65293472
65310670
65289164
65305288
65289161
65310675
65362829
65319658
436983705
65280099
65305117
65333181
65322273
65333185
65353195
65322277
258973943
65304534
65348153
65363728
65348404
1735998418
297838768
65322450
65337191
65292295
65287347
65315955
65323904
258755555
4008988495
65296029
65293500
65299673
65293503
65313486
65293506
65280097
65304223
65304225
65308516
258755554
65308511
65336914
65326228
65355106
65326226
65301431
65312685
65326222
65326220
65314212
4023103673
65329081
65305937
65350553
65350552
65324936
4025717627
65343941
65297760
65296369
65279891
65279896
65279897
65360636
65304084
65337515
65337513
1196740419
65336825
65336827
65326424
65361723
65304088
65306571
65288952
4034037297
65320747
65348379
65287273
65308642
65295729
65349387
2287779377
65356861
65287349
65349385
65335930
65307195
65341968
65307191
258912687
4023017960
65337174
65307198
65320327
1677788979
65306714
5427595376
65341630
4944451809
65307378
65306712
4022924671
4022924673
4022924674
4022924675
65310688
65356310
65291292
65362676
65320109
65307172
65297262
3074358133
65307175
65328354
65351689
265689221
265689220
265689223
65328358
65351687
65287265
65301621
1682972844
1607089627
65306375
65297394
65306379
65296586
65307287
65305619
4038272414
65306153
65306150
65287277
65290291
1723739199
65294297
65290294
65290296
65290299
65303298
4021327387
65299389
65295108
65308676
65314788
65295100
1607089625
65341614
2317999441
3978798069
65308520
65298703
65342056
65342051
65317037
65317789
65287905
65349432
65342058
65288319
65294188
65340947
258970629
65290741
65339584
65288311
65341411
65288315
65316669
65316529
65293884
65298839
65323646
2323785122
65298837
65312238
65343740
65335102
65324938
65353310
65335105
65303611
65324934
65295214
65315787
65345333
1711296535
65310684
1614214652
65310680
65288955
65293648
65293645
65349389
65293642
65356868
65317491
65317192
65353166
65317495
65346629
1815483625
65364447
65346620
65362651
65333862
1735978728
65294078
65341568
65341569
65294075
65312303
65303470
65294070
65294072
65315436
2630856848
3985226614
65303272
65294270
65288821
65317408
65323671
65356416
65327626
65332200
65317145
65332205
65317141
65297210
65298522
65297214
65317148
65356183
65305725
65305727
3921504046
65345247
65313263
65297187
2286930479
65327167
65318071
65302013
65327163
65327160
65312019
65288178
2286930473
65328191
65318529
65312248
65322718
65292939
65318522
65318524
65318098
65322716
65309742
65309740
2624400905
258967884
65310060
65310062
65296105
65296104
65293463
65293462
65336101
65310662
65341397
65310660
65322190
65354423
612030760
65289201
4011019099
999546898
65289209
65296333
65347937
4905084623
65308345
297838774
65354354
65308341
65308343
4179501142
65326186
65306148
65302646
65337183
65318326
65322428
65318323
65337616
581074048
65293512
65294353
65292028
2020113650
65301602
65304896
65285714
65305544
65295474
346530939
65326230
65307765
65307762
2445177276
65326236
2445177282
2445177279
2445177278
65347067
4022941213
65359041
65359043
4022941217
4022941216
4022941215
65290926
65310274
258928675
1935652917
65304099
65329635
65296354
65358533
65313053
65325594
65296351
65351067
65295452
65360820
65304095
65295455
258967881
65297337
65326349
65359200
65337642
65326347
65307619
65359916
65307943
65287888
65306564
65280106
65306568
65295735
261482483
65359266
65365866
65295731
65308653
5613281306
65314375
65295738
65289379
65281514
65357997
65310877
65335927
65306967
65336308
65297999
65310251
65312219
65330344
65289375
65312260
65341625
65306706
65341627
65353980
65334191
65299264
65307389
65312262
65310894
65289371
65359469
65307146
65359467
65350987
65302401
65312651
65351697
65330526
65328994
65351693
65312657
65302014
65306817
65306815
65307810
65307811
65307812
4062846083
4062846085
65280292
65307545
65299007
65318074
65306146
330660356
65306635
2320396427
65299397
65299395
65291829
65336125
65339026
65312017
65364639
1580501212
2481630307
65362289
65301479
65295118
65295111
65294006
65325189
65325185
65325183
65316539
65316538
65317557
258755861
65301720
65297602
65290777
65299135
65297371
65299488
65340972
65340973
65340970
65297374
65341407
65302249
65293566
1607089658
65346756
65346750
65346751
65346753
65365036
65346758
65342705
65323679
65298023
65325985
65295206
2392273471
65324924
65324922
65297770
65298359
4034372261
4034372264
65332476
65298353
65298355
65349394
65360287
65293072
65299735
260169463
65296244
65305602
65294080
65318151
65321140
65306182
65294084
65341574
65294088
3910307153
65328351
65302394
65288813
65302396
65342069
65315440
65324074
65372618
65288815
65342062
65303261
65317799
65302398
65345554
65316690
65317179
3713966077
65282059
65317170
65328978
65288585
65317174
65293215
65316693
65293210
4022947859
4022947858
65297203
65316694
65306969
65297149
65287714
65305047
4904614512
65287711
65293182
65352594
65297193
65345274
65297190
65297197
65345273
65345270
65301581
65297144
65318067
65369025
65318060
65350332
65318069
65356854
65309759
65322502
65318538
1607089626
65318532
999546390
65309754
65309756
65312246
65339638
65329896
65318082
65334572
65336114
65296954
65336116
4426732730
65302219
258929532
65311781
65322187
65313918
2081701867
65293460
65322183
65326978
65305137
65310651
65313023
65366648
65294011
65303931
65317210
65343306
65310667
65295592
65280384
287831239
65287366
65341534
65313669
65315938
65347352
65313461
65287928
65336208
274477426
65297386
65355343
65308532
65308533
65308530
65302217
65308538
65308539
65333221
65336592
65336976
65297411
65336974
65304065
65355427
65304176
259089775
1735964587
65359051
65308089
4505729035
65310268
65319116
65296340
65296343
65308081
1712572412
258759756
65305959
65308085
65292329
65351072
65320901
65351078
65337576
65295447
2325127298
65340363
65287496
5839244981
65307977
65340364
65309838
65326405
65354366
65332325
65340588
65348595
65340583
65280116
65280114
65328730
65280110
65356290
65343556
65356292
2461023609
65337881
65356296
65337883
65356298
65299816
65329108
65299813
65328366
65306956
65324427
1677788930
65306958
65323538
65306598
65320115
65291033
65348288
65337406
65291035
1501430203
65345468
65290340
65307397
65334048
2609017295
65307399
65291741
65339101
65322036
65320166
65299680
65350991
65350993
1711296811
65350995
65291587
65352353
65320168
65334576
2609017292
4018939403
65326341
258973958
65345518
65325405
65280284
65337269
65375019
258912607
65315947
65316301
65280083
65312672
65306604
65306602
65330296
65306600
65320018
65347180
65291368
5354331172
65327916
65298083
65327912
65327910
2317635132
65330425
65291691
65291371
265666673
65325192
4062434369
65325197
4062434364
65343451
65343101
4062434363
65324866
65318691
65324863
65324860
65299107
65340962
65340964
65340967
65311911
65320655
1607089647
65312293
65308891
65312259
65280295
65312256
65328694
1607089648
65312252
65316785
65322034
1677798439
65303670
65342677
65324913
65345887
65324911
65345881
65342672
65329299
768241934
65293474
65345521
65342679
65298349
65293661
65293660
65317305
65293062
65299746
65299741
65310196
65299748
65286547
65352611
65294090
65306617
65369643
65293997
65293996
65293993
65298294
65303700
65294250
65317786
65303259
65303257
65342076
65295304
65303250
65295307
65295902
65295901
65295905
65288593
65301604
65288597
65317163
65305283
65293205
65365163
65293202
5429618398
65298506
65317763
65368198
65296103
65336580
65293208
65305706
65289353
65287705
65289351
65289356
65287702
65289426
65287700
65289358
65291373
4062775036
258755862
65288970
65288972
3013377978
65358334
65358331
65318508
65307767
65368992
1378125350
65318505
615144571
1378125354
65333224
1511339712
65332311
1677798446
1677798441
65326356
65326234
65304942
65324852
65310645
65310648
65305410
65293687
65313516
65365837
65319921
65365835
258755864
65296100
65319925
65288603
65318433
65308233
65333926
65327438
65322159
2983686934
65322409
65294051
65295873
65322152
65333432
65322156
65333139
65318346
65313671
65329503
65306174
65315920
65292002
65333929
65292004
65333137
65301629
65360198
5069262396
4179555581
65330743
1000699966
65349683
65319692
65308332
65308524
65336562
65308526
65336564
65288847
65308523
65301579
65365901
65308529
65308528
65368177
4008988364
65328586
65304165
65342270
4022941214
65310673
65328588
65328743
65309655
65329618
65317971
65309650
65310257
65309652
65296334
65322715
65322712
65296331
65322710
65329615
276549387
4021607643
65314209
65333898
408494077
65337560
65307946
65340355
65336301
65307941
65343560
1735998442
65327165
65340358
65295458
65307012
4019097046
65292339
1735964731
1723738832
65352293
65348343
271820688
65299806
65299802
65363065
65345458
65358605
65344106
65296247
65296249
65351712
65330327
65343739
65306948
65337412
65313699
65337410
259754579
65307709
65304090
65320809
65307700
65340578
65348291
4022924680
4022924683
65292333
65280380
65311900
65291206
65291752
65292335
65359482
65335801
3532718892
65328364
65292337
65328360
65297725
65325050
65288817
65314401
65328563
65332316
65312670
65328564
65299622
65330033
65330035
65307839
2456996785
258755845
65306547
4034231279
65298518
5443111247
65333327
258755842
65298992
65291370
65298990
65356051
65298997
65298994
65326344
65291378
258755840
65320022
65327927
5296804076
5296804075
65315046
65319799
65332314
65286177
1857984099
65347357
65296469
65361185
4062434375
65336341
65347168
65287741
65340451
65311905
65330951
65306562
258755847
65299118
65287958
297857008
65340911
258755841
65319878
65288343
65288347
65288345
65361957
65315325
65288349
65328170
65328173
65288654
65294315
65303668
65303664
65342268
65290088
4047651029
65324902
65318058
65325275
65351494
65322314
65298378
5745956392
65297537
65298373
65298370
65318054
65299753
65293053
65299750
65298909
5443322863
65346619
65299759
65328000
65323722
65333322
65323724
65357230
65323726
65314378
65364220
65347583
764893119
65298979
65303711
65321354
65342084
65303244
65303246
65342088
65335575
65288298
65292358
65317190
65319714
1707855260
4035920548
65333713
65303933
65293942
65321219
65293944
65303936
65321216
4184406336
360423920
65327285
65327283
65305714
65349995
1712572432
65289347
65289340
65289343
65366933
65329578
65294139
65347696
65333415
65317680
65309568
65294136
65303091
4008988342
65295497
4021100594
601241643
65309738
65341911
65309736
65309735
4044911121
65287720
65298409
65298955
325156292
65290085
65370637
65319894
65339650
65310634
65310636
65290960
65310631
65290965
65345320
4152343453
65305406
65305400
65305403
4044866160
65347967
65349666
615144551
65290083
65322239
65312115
65351225
65311908
65295865
2600919806
65327427
65322146
65329517
65316679
65345573
5283668862
65333121
65292540
65292545
65293544
1718880133
65301658
65293542
65296063
65354542
65301655
65301651
65334829
65360182
65316672
65292690
65298413
65365911
65365910
65322527
65326068
65301476
4012202149
65304111
65337950
65305291
65305975
65294790
4021327373
4012202145
65309647
865946070
65336123
2236649170
65342015
65322707
65310242
65293188
65329600
65296321
4177168689
65292302
4022970381
65299756
65307950
65307952
65293217
65351063
65292440
422509554
65326392
65308469
65336129
65305881
65302174
65308466
5353921549
65308461
298082888
65301508
259138404
65307007
65300059
65328485
65326142
65299833
65299831
65319004
65305510
4045035896
4744153968
65296251
65351708
258886231
65296254
4022924668
4044910980
65335078
65337426
65336409
65305514
65336959
65320814
65307717
65307716
65307714
65337138
65307712
65336404
65340654
65362638
65341079
65306996
65289892
65306993
65362632
65325284
1689193740
4179464190
65335810
65328397
65296781
65302237
325147813
2800130435
65305454
65325041
65344009
65295183
65358701
65341510
65306842
570570138
65295181
65345534
65345537
65315463
65317983
4603436610
65295187
65341743
65299342
65306195
65306192
65306198
65298985
65302762
65305859
4035851799
65315465
65327931
65298988
65327933
65315055
65288295
65325601
259096371
259096372
65354336
65325605
65366246
65347361
65280398
3515736317
65296478
65306286
65288290
65306288
65306289
65287945
65311975
65287947
65316561
65299693
65299691
65343300
65343301
65297326
65288293
65299168
65351064
65297322
65312272
65348431
65288353
5443305757
65323607
65309852
65312279
65346761
65291416
65317715
65341696
65303657
65335149
65303655
65291780
65294308
65342650
258970636
65316368
65323689
65290098
65324858
65316366
65298977
65293049
65293948
2609017285
65298367
65294676
65293041
65317366
65299761
65293045
65287834
65293047
65334101
65316873
65317193
258912658
65351692
65336121
65313194
2304626301
65313196
65313632
65323041
65302639
65308598
65288754
65296961
65317569
65293940
65288285
65288284
65288282
65288280
65331040
65342098
65334567
65280086
1711296665
65333308
65317186
4302065285
65317189
65332241
65293220
65332243
65297254
258956665
65353096
65317216
65297252
258911590
65287725
65346577
65297259
65360361
65360365
65364214
65360368
65312050
65312056
65333422
65333932
65318989
65333934
65349699
65292804
65307468
65318983
65292809
65349691
65349693
65319587
65364777
65311750
65324758
4047651063
65313201
65299133
65316336
65305162
65310626
65309040
65287612
65310623
65310621
65287616
65287619
65287736
65316573
65292687
65345337
65290958
65358843
65347976
4177166347
2317662697
65287734
5434001114
65312126
65305369
258757616
258757617
65323557
65312123
65327638
65312121
65304219
65304369
315090129
65329560
65346910
65315903
65306140
65313458
65291127
258967898
65333118
65293133
65313453
65333111
65293554
65360174
65361542
65354557
65324424
65296079
258967893
65308587
65336097
65308567
65357752
65336084
65322554
65322552
65347024
65305700
65304103
65312871
65296312
4062847086
65287280
65296316
258967895
65312698
65287288
65304092
65351027
65364834
65349677
65298589
65307928
65301529
65337548
65287147
1809551380
65308478
258912594
65324841
65308474
65321247
65299048
65327904
4177105004
65298401
65374989
65301512
440328512
65299825
65319019
65303940
65299822
65324916
612774015
65321242
65342071
65309999
65330300
65288322
65356422
65330304
65296261
4034195443
65310181
65337437
65298584
65352265
271820591
2609017289
65337941
2609017284
65333410
65337945
436986613
65321805
65291774
65291777
65307109
65310065
259407844
258912610
65307453
65307456
4038238652
4038238651
65362333
65321081
65312616
4022941212
4021327376
65295665
65287063
1712572356
65307584
65320739
65307582
65330010
65345543
65310974
65287262
65336459
5283648349
65360423
65330018
4062847066
65336082
65290222
65339068
4019009266
65343971
65329371
65291311
5443353831
65328185
65366259
4034544344
65306118
5216718983
65366252
258912597
65352253
65366257
65352255
65366254
65320831
65349059
65290314
65319805
65330472
65330473
65317550
65298173
65298176
65340935
65298178
65340939
65303268
65299178
65312265
65350548
65339656
65354431
65312268
4069109616
65298403
65303640
65294330
65312464
4008434676
65331019
65295089
4429282859
65288329
65318147
65322264
65332321
65306185
258755863
65298314
65329950
65329952
65317356
65334836
5217784051
65340872
65340931
65297020
65302196
65297026
65297024
65297799
65290041
65341537
65297028
4044919943
263145972
65313186
65294209
65308915
65302358
65280502
65317363
65313188
65353036
1607089652
65299682
65299685
65341408
1121325984
65298559
65303914
2166924255
65293964
65293141
263145971
65305778
65305776
65305773
65297379
65345234
65339518
663082994
65312222
65322947
1996007303
65369159
3301966840
65312041
65339516
65333922
65289333
65296869
65324727
615405917
65296864
65318997
65318991
65318993
65322339
65357767
65299171
65311580
65339070
65333216
65309718
65340476
4022941218
5352470018
65293491
65336950
65310610
5283668865
65298252
65290947
1501320650
65287664
65305396
65287660
65287662
65360221
65325290
65302771
65287668
65305729
65333329
4035865576
65323568
65333320
4008988338
65288658
5438332280
65311179
65322161
65322163
65322166
65329575
65329573
65322149
65293540
65333101
65348266
65318179
65333130
65313420
65313422
2450003465
65351384
2450003462
65321235
65319803
65344387
65319806
65322480
65354018
65303564
65318282
65321687
65336088
65305993
65347539
65319621
1735964548
65359014
65312861
4021099680
4017523978
65308590
65287290
65328488
65342742
65318511
65289870
65375419
4008988541
65295405
65292364
65336339
65292362
65292360
65336337
65311274
65307932
65292369
65297772
65292548
65321708
65321704
173175745
173175742
173175743
65308595
601217544
65330002
65292701
1636827301
65288967
4035874408
65301525
65301522
65301520
65287881
65325277
65327367
65357946
65359704
65296271
65335999
65357948
65296275
65319021
65295415
65295538
65295533
65337445
65310197
65337447
302447952
1735978667
65326282
65336422
65359839
65300105
65321839
65288887
65307448
65307443
258912603
303232826
65296066
258912604
258912605
65362323
65291547
65288883
65325061
65313442
65321232
65321233
65327109
65325067
65321237
65330008
65313440
65337962
65314293
65306869
65340785
65330004
2020113663
65330006
65307847
65307844
65340073
65345552
65297872
612769042
65317312
4062847056
4062847057
65297878
